2.851022580000000042e-02
2.702142130000000086e-02
2.703463429999999890e-02
3.943910241999999955e-01
2.622012339999999983e-02
2.697730079999999947e-02
3.122394855000000247e-01
2.706276020000000088e-02
2.696533019999999836e-02
2.699118459999999900e-02
2.729005500000000056e-02
2.702830000000000163e-02
2.697474840000000165e-02
-6.892024734999999680e-01
-5.054032328999999990e-01
2.620749439999999972e-02
4.271272560000000107e-02
6.690718460000000256e-02
2.702996200000000113e-02
2.704174590000000059e-02
