4.403744090000000222e-02
4.552586399999999922e-02
4.551342249999999756e-02
-3.218433237000000169e-01
4.632737619999999917e-02
4.557030210000000137e-02
-2.396919778000000112e-01
4.548529839999999880e-02
4.558211069999999754e-02
4.555671149999999947e-02
4.525767230000000280e-02
4.551878790000000313e-02
4.557304880000000169e-02
-6.892024017000000224e-01
5.779509390000000524e-01
4.634026010000000251e-02
2.983482939999999861e-02
5.640385799999999769e-03
4.551755789999999829e-02
4.550569589999999692e-02
