24	83	88	64	16	56	89	39	13	3	92	29	99	82	9	72	5	95	37	42	2.43895868834e-07
95	93	76	18	60	29	86	5	35	4	50	16	20	70	94	68	45	3	54	85	3.92439247321e-05
49	66	62	35	39	81	24	58	96	2	22	29	99	54	94	55	28	8	23	97	5.18673527239e-05
62	65	44	78	54	55	25	53	37	2	98	63	99	41	94	72	28	61	3	40	6.13896550874e-05
24	83	98	2	49	61	1	43	52	48	8	33	73	34	11	37	84	35	70	32	9.40753372163e-05
42	60	16	78	39	56	24	57	37	32	98	63	99	41	94	72	34	61	38	11	0.000114843786847
25	47	22	51	88	54	57	28	13	71	99	98	9	34	90	32	78	76	86	24	0.000117292557078
42	60	16	78	39	56	24	57	37	43	98	63	99	41	95	72	33	61	38	30	0.000127864709711
46	61	21	64	70	30	7	45	80	56	96	54	28	49	85	74	24	6	93	26	0.000133875133685
8	61	37	64	70	30	3	46	91	56	96	54	28	49	85	74	24	31	93	10	0.000166164214662
17	37	86	11	78	94	3	29	58	56	76	36	45	80	8	10	48	18	99	28	0.000173734784809
42	60	16	78	38	55	24	58	28	2	98	63	99	41	94	72	30	61	11	44	0.000239775840456
45	58	13	78	16	14	24	5	18	56	98	84	97	41	94	72	9	83	86	26	0.000269787194171
85	69	32	72	94	68	13	40	61	2	60	38	67	37	90	1	55	46	31	41	0.000348998630912
67	36	20	91	60	37	95	48	99	30	56	84	92	41	61	72	43	71	16	50	0.000509923745582
89	33	99	67	8	30	40	54	93	80	47	49	31	44	5	36	76	39	23	51	0.000555259917434
85	55	46	64	16	68	89	46	7	56	92	54	97	82	98	40	83	39	70	42	0.00056626096864
44	67	27	4	91	31	24	21	9	17	70	37	28	34	94	74	49	64	93	40	0.00057842645964
49	59	62	78	39	56	24	58	35	4	98	63	99	41	94	72	28	61	3	40	0.000592709644906
49	59	22	78	39	56	24	58	36	4	98	63	99	41	94	72	28	61	3	37	0.0005935730956
38	65	44	78	54	55	26	53	37	2	98	63	99	42	94	72	28	61	3	39	0.000651917571872
95	5	57	72	98	84	99	51	96	81	59	64	27	58	71	68	47	59	23	24	0.000663291016792
74	69	27	71	94	41	13	31	39	16	99	24	66	60	42	92	50	22	88	49	0.000676614750901
72	61	91	64	70	10	3	46	58	56	96	54	45	41	8	74	48	86	97	26	0.000685477418941
85	55	46	64	16	68	89	46	13	56	92	54	97	82	98	41	83	39	70	42	0.000695553342908
8	61	39	64	70	30	3	46	91	56	96	54	28	49	85	74	24	34	93	10	0.000698293438901
59	47	71	11	53	81	97	29	61	42	98	36	77	41	12	10	28	18	3	40	0.000739146624227
65	47	96	86	81	82	16	52	6	56	98	76	99	37	90	74	44	77	2	39	0.000792540317605
91	73	62	6	60	87	24	46	1	2	3	52	55	7	85	44	83	39	82	12	0.000802494289204
41	47	19	48	88	54	57	28	14	71	99	98	11	34	90	32	78	76	86	24	0.000844870804542
41	47	19	48	88	54	57	28	14	71	97	98	11	34	90	32	78	76	86	24	0.000844870804556
65	47	96	86	81	82	35	21	6	64	98	76	99	37	90	74	50	77	2	51	0.000846998633719
6	69	23	44	16	14	89	41	88	56	45	54	67	82	98	32	50	76	93	24	0.000953005825622
59	62	18	78	36	10	24	74	33	2	98	41	99	54	8	51	15	61	72	44	0.00095362838799
89	69	21	64	73	29	3	31	26	56	99	54	28	49	42	74	24	39	93	38	0.00096959543572
67	36	19	91	60	11	95	8	99	30	45	84	92	41	37	72	58	71	24	39	0.00100116195898
74	69	27	71	94	41	13	31	39	16	99	49	66	60	33	92	50	22	88	25	0.00101297169117
42	60	16	78	39	56	24	57	37	32	98	63	99	41	94	72	33	61	38	11	0.00104749138029
46	47	44	91	81	82	95	22	6	49	98	84	99	37	61	74	64	71	15	42	0.00106054933086
18	66	21	64	70	30	20	47	88	56	96	54	28	49	85	74	24	8	93	26	0.00109523427199
45	58	13	78	19	27	24	46	18	56	98	84	97	41	94	72	9	83	86	26	0.00112719445187
44	61	21	64	73	14	3	38	88	56	96	54	27	49	85	74	23	39	93	26	0.00118047776733
85	11	62	89	3	29	24	46	54	50	98	23	84	41	94	40	70	61	31	42	0.00121553344351
42	60	16	78	39	56	24	58	31	3	98	63	99	41	94	72	30	61	37	40	0.00122031556789
62	65	44	78	54	55	26	53	37	2	98	63	99	41	94	72	28	61	3	40	0.00122706282885
42	60	16	78	39	56	24	58	31	3	98	63	99	44	94	72	30	61	37	40	0.00123443708461
42	60	16	78	39	55	24	57	37	12	98	63	99	41	95	72	33	61	38	40	0.00123850875599
49	59	62	78	39	56	22	58	36	4	98	63	99	41	94	72	28	61	8	40	0.001240081897
67	36	20	91	60	37	95	48	99	30	56	84	92	45	61	72	43	71	16	50	0.00127027579224
42	60	7	78	39	56	25	58	31	3	98	63	99	41	94	72	30	61	37	12	0.00128277290425
59	66	86	32	11	3	97	14	88	10	83	23	28	94	65	31	69	7	61	41	0.00129047611983
59	66	86	32	11	3	97	14	88	10	83	23	28	96	65	31	69	7	61	41	0.00129047611983
45	20	21	22	73	10	3	38	88	56	95	54	29	19	85	74	24	30	32	25	0.00135123939926
89	33	99	67	8	24	40	54	93	80	27	49	26	41	5	36	76	39	23	51	0.00137469679923
38	65	44	78	54	55	26	53	37	2	98	63	99	41	95	72	28	61	3	40	0.00143514993918
24	83	88	5	69	27	99	39	18	49	59	29	73	65	8	31	64	94	23	33	0.0014478343694
33	28	21	64	73	30	4	48	99	26	29	84	92	27	35	74	24	71	86	10	0.00147210308032
25	47	23	78	66	54	24	46	13	10	99	77	97	41	94	32	78	86	49	26	0.00153555659006
96	2	4	40	88	27	48	68	59	26	29	84	32	66	99	95	78	7	86	64	0.00154717819609
3	5	44	35	98	21	99	30	18	49	59	41	73	65	8	68	64	59	6	24	0.00159845117685
42	60	16	78	39	56	25	58	31	3	98	63	99	41	94	72	30	61	37	34	0.00187112790296
22	18	64	59	91	14	68	65	58	10	98	13	45	76	27	16	63	79	9	15	0.00195431175405
2	64	65	33	69	3	49	22	66	37	99	57	33	34	46	8	12	53	42	21	0.0019852853723
45	33	13	78	16	14	12	46	23	56	96	54	97	41	94	74	9	86	77	26	0.00199593330888
49	59	62	78	39	56	24	58	36	4	98	63	99	41	94	72	28	61	3	40	0.00206448304712
42	60	16	78	39	55	24	58	36	3	98	63	99	41	94	72	30	61	11	44	0.00208654743014
63	36	20	91	60	18	95	48	99	19	56	84	92	10	41	72	43	71	16	55	0.00214291606517
85	10	62	24	34	27	1	3	54	2	48	72	81	77	94	68	92	20	66	93	0.0021708716195
11	48	99	2	94	70	40	92	18	55	63	12	84	15	4	78	6	13	37	52	0.00217549910094
39	65	44	78	54	55	23	53	37	2	98	63	99	41	95	72	28	61	3	40	0.00218858517739
45	61	17	64	60	38	99	46	88	56	96	54	28	82	47	25	5	86	11	26	0.00228954940597
42	60	17	78	36	56	24	58	35	3	98	63	99	41	94	72	30	61	37	11	0.00231686313109
79	61	18	89	73	30	40	28	83	56	96	54	84	50	47	74	64	36	9	52	0.00233169454955
49	60	62	78	39	56	24	59	26	2	98	63	99	41	94	72	28	61	3	40	0.00233728500331
25	45	67	10	73	30	81	28	88	71	74	72	9	51	90	32	48	76	15	52	0.00237726705198
44	61	21	59	73	14	3	46	88	56	96	58	28	49	85	74	24	39	93	26	0.00238657179267
16	66	21	58	70	30	3	46	88	56	96	54	27	49	85	74	24	39	93	26	0.00243844066222
11	76	19	70	73	21	99	28	80	71	96	54	1	25	65	87	66	39	23	84	0.00244582065824
22	60	16	78	39	56	24	58	31	3	98	63	99	41	94	72	30	61	38	43	0.00246667100009
49	5	20	78	60	64	95	58	18	4	98	63	99	65	35	72	28	71	11	12	0.00248742040503
1	60	16	78	39	56	24	58	31	3	98	63	99	41	94	72	30	61	38	40	0.00248813578584
47	61	21	64	73	30	3	46	88	56	96	54	28	49	85	74	27	39	93	26	0.00254127311243
47	61	21	64	73	14	3	41	88	56	96	54	28	46	85	74	24	45	93	9	0.00262198852295
29	17	13	61	93	68	21	1	74	38	40	23	55	56	94	28	18	36	82	54	0.00263487509054
88	60	91	15	25	14	7	46	90	48	15	72	77	34	29	19	24	39	74	32	0.00268859160192
8	61	38	64	70	30	3	46	91	56	96	54	28	49	85	74	24	34	93	10	0.00284906852083
89	33	99	67	8	30	40	54	93	80	27	49	31	41	5	37	76	39	23	51	0.00287144242034
42	60	16	78	39	56	48	58	28	3	98	63	99	41	94	72	30	61	11	40	0.00290974108562
83	69	46	91	73	40	13	31	99	30	96	54	20	60	90	74	53	45	2	9	0.00292444256296
45	58	17	64	73	11	24	46	88	56	96	54	31	49	85	74	34	39	93	26	0.00293057885266
74	69	27	71	94	54	13	31	39	43	99	49	66	60	42	92	50	22	88	25	0.00297943500142
91	58	62	6	60	87	24	46	1	9	49	52	55	7	85	44	83	39	82	12	0.00298968315937
59	66	86	32	11	60	97	14	88	10	83	23	28	96	65	31	69	7	61	41	0.00303893004927
59	66	86	32	11	60	97	14	88	10	83	23	28	94	65	31	69	7	61	41	0.00303893004927
59	66	86	32	11	60	97	14	88	10	83	23	28	95	65	31	69	7	61	41	0.00303893004927
42	60	16	78	39	56	25	58	31	3	98	63	99	41	94	72	48	61	37	34	0.00304327294779
24	83	88	26	69	27	99	39	18	49	59	29	73	65	9	10	64	94	23	35	0.0030611129163
24	83	88	26	69	27	99	39	18	49	59	29	73	65	9	10	64	95	23	35	0.0030611129163
6	66	62	35	39	81	24	53	96	2	22	30	99	54	94	55	27	61	23	97	0.00314130890567
24	5	46	48	69	21	99	30	18	49	96	54	11	34	8	31	64	76	2	12	0.00315939407325
8	61	38	64	70	30	3	46	91	56	96	54	28	49	85	74	24	40	93	10	0.00321018914852
42	60	16	78	36	56	24	58	33	3	98	63	99	44	94	72	30	61	35	12	0.00324530692666
42	60	16	78	36	56	24	58	33	3	98	63	99	41	94	72	30	61	35	12	0.00325942848949
9	58	67	31	39	2	94	6	37	35	87	27	20	36	14	38	24	75	84	49	0.00328106859111
45	58	13	78	16	27	24	5	18	56	98	84	97	41	94	72	9	83	86	26	0.00329174042757
24	4	44	36	69	21	99	30	26	49	59	29	73	56	8	31	64	95	22	25	0.00329721609185
63	33	20	91	39	9	95	48	37	30	56	84	99	41	94	72	29	61	38	55	0.00329978457943
72	57	21	64	73	30	6	9	78	56	96	52	67	49	98	74	24	77	25	16	0.00330177040703
95	5	57	72	98	84	99	51	96	81	59	64	27	58	8	68	47	95	23	24	0.00331271800015
95	5	57	72	98	84	99	51	96	81	59	64	27	58	8	68	47	59	23	24	0.00331271800015
95	5	57	72	98	84	99	51	96	81	59	64	27	58	8	68	47	96	23	24	0.00331271800015
49	60	16	78	39	56	24	58	37	4	98	63	99	41	94	72	28	61	11	40	0.00331948863017
42	60	16	78	39	56	43	57	12	14	98	63	99	41	94	72	33	61	38	40	0.00335031089971
8	61	21	60	70	30	7	45	80	56	96	54	28	49	85	74	17	4	88	26	0.00335319185788
65	38	44	86	69	41	82	31	39	64	98	76	99	49	94	72	28	94	3	24	0.00335961998761
65	38	44	86	69	41	82	31	39	64	98	76	99	49	94	72	28	39	3	24	0.00335961998761
10	60	16	78	39	56	24	58	31	17	98	63	99	41	94	72	30	61	37	33	0.00336859837995
42	60	16	78	36	56	24	58	31	3	98	63	99	41	94	72	30	61	34	12	0.00337364725584
24	8	98	2	49	61	1	44	52	48	8	33	73	34	11	37	84	35	70	32	0.00338108062536
33	59	21	64	73	29	3	46	88	61	96	54	38	27	85	74	24	34	93	10	0.00345658512845
24	5	44	35	69	9	99	30	18	49	59	29	73	65	10	31	64	95	23	12	0.00352442942834
42	83	7	100	60	27	57	28	14	49	99	29	92	65	90	10	78	71	23	12	0.00353838244197
42	83	7	78	60	27	57	28	14	49	99	29	92	65	90	10	78	71	23	12	0.00353838244197
49	59	62	78	39	56	25	58	37	4	98	63	99	41	94	72	28	61	3	40	0.00356560136841
88	83	99	2	25	82	1	45	90	48	15	72	24	34	29	19	67	35	20	32	0.00361780806942
42	60	16	78	39	56	24	57	37	27	98	63	99	41	95	72	33	61	38	44	0.00376117112731
74	69	27	71	94	54	13	31	39	43	99	49	67	60	42	92	50	22	88	25	0.00376906948679
44	61	21	64	73	14	25	41	88	56	96	54	27	49	85	74	24	39	93	26	0.00378403717306
42	60	16	78	39	56	24	57	37	32	98	63	99	41	94	72	33	61	44	40	0.00380907468355
49	60	62	78	39	64	24	59	14	4	98	63	99	41	94	72	28	61	11	40	0.00391118629298
37	57	21	64	73	14	3	4	78	56	96	54	5	49	85	74	24	38	93	12	0.00392478088057
85	55	46	64	15	68	89	46	18	56	92	54	97	82	98	40	83	39	70	42	0.00393900480488
49	64	13	78	25	41	89	81	67	38	98	63	92	27	94	92	50	36	70	8	0.00394360782833
13	4	44	35	98	21	99	30	18	49	59	41	73	65	8	68	64	59	17	24	0.00394432889158
95	66	44	63	60	29	86	46	18	56	96	22	73	25	65	68	24	48	23	84	0.00400295841955
49	59	62	78	39	56	24	58	36	4	98	63	99	41	95	72	28	61	3	40	0.00402201378098
67	36	20	91	60	38	95	48	99	30	56	84	92	41	35	72	43	71	16	55	0.00403180378932
11	76	7	70	73	21	99	28	80	71	96	54	1	25	65	87	66	39	23	84	0.00404516901362
63	36	20	91	60	11	95	48	99	19	56	84	92	10	41	72	43	71	16	55	0.00412724816255
39	61	21	91	60	62	95	53	99	57	54	23	92	41	37	72	5	71	32	43	0.00414532897098
72	61	46	64	43	13	3	9	88	92	94	52	67	41	98	37	24	38	25	16	0.00416839967917
25	47	23	48	88	54	57	28	14	71	99	98	11	34	90	4	78	76	86	24	0.00417072899077
47	61	21	64	73	14	24	45	88	56	96	54	28	49	85	74	20	39	93	29	0.00426824408819
42	60	16	78	39	56	24	57	36	32	98	63	99	41	95	72	33	61	44	40	0.00430542336022
6	69	23	48	16	14	89	41	88	56	45	54	67	82	98	32	50	76	93	24	0.00437260940517
67	38	20	91	59	9	95	48	99	30	54	84	92	41	37	72	43	71	32	39	0.00448985125158
46	36	68	91	60	40	95	48	99	30	56	84	92	41	61	72	43	71	16	51	0.00451071309342
89	58	51	65	73	14	24	43	93	56	76	12	28	44	5	74	71	83	86	32	0.00459431335555
42	60	16	78	39	56	25	58	31	3	98	63	99	41	94	72	30	61	37	12	0.00461167791693
1	60	16	78	39	56	24	58	31	3	98	63	99	41	94	72	30	61	37	34	0.00464458613621
95	93	76	63	60	29	86	39	18	40	59	49	73	65	94	21	8	48	24	42	0.00468117131231
88	5	40	3	53	70	61	99	95	12	96	19	77	34	74	6	24	39	20	22	0.00468239463389
44	61	21	64	73	14	3	46	88	56	96	54	28	49	85	74	24	43	78	26	0.00472536814159
45	61	17	64	60	11	99	46	88	56	96	54	36	82	47	25	5	86	23	26	0.00473773916012
2	64	65	33	89	9	49	22	66	37	99	57	33	34	46	8	12	53	42	21	0.004744805971
29	66	21	58	70	30	3	46	88	56	96	54	27	49	85	74	24	19	93	26	0.00475827103357
88	36	57	91	47	13	30	48	95	49	92	45	50	41	84	43	24	61	71	12	0.00481611549131
25	47	45	48	88	54	57	28	14	71	96	98	11	34	90	32	78	76	86	24	0.00482912029145
11	48	99	2	94	70	40	92	18	55	63	12	84	15	4	78	5	13	37	52	0.00485899460489
22	60	16	78	39	56	24	58	31	3	98	63	99	41	94	72	30	61	37	43	0.00488261870035
63	36	20	91	60	18	95	48	99	30	56	84	92	10	35	72	43	71	16	55	0.00495125298676
42	60	16	78	39	56	25	58	31	3	98	63	99	41	94	72	30	61	37	33	0.00496960694119
49	60	62	78	39	64	24	58	37	4	98	63	99	41	94	72	28	61	11	40	0.00498331197058
49	60	16	78	39	56	23	58	37	4	98	63	99	41	95	72	28	61	11	40	0.00501446513414
79	31	46	89	99	29	1	57	83	66	70	71	84	23	47	7	64	36	9	32	0.00503423369835
16	66	21	58	70	30	3	46	88	56	96	54	27	49	85	74	36	15	93	26	0.00505955997568
2	61	40	64	70	30	3	46	91	56	96	54	28	49	85	74	24	35	93	10	0.00506434496282
42	60	16	78	39	56	24	57	37	35	98	63	99	41	95	72	33	61	38	40	0.00514352440646
24	5	44	35	89	27	99	30	18	49	59	29	73	65	8	31	64	95	16	12	0.00516385844359
24	5	44	35	89	27	99	30	18	49	59	29	73	65	8	31	64	94	16	12	0.00516385844361
45	61	17	64	60	11	99	40	88	56	96	54	28	82	47	25	24	86	21	26	0.00518506764465
24	83	88	26	69	27	99	39	18	49	59	29	73	65	9	10	64	95	23	17	0.00526184069044
67	36	20	91	60	51	95	8	99	30	45	84	92	41	37	72	58	71	24	39	0.00526254820049
46	47	44	91	81	82	95	22	6	49	98	84	99	37	61	74	64	71	15	51	0.00532171413505
59	66	21	64	70	30	42	47	88	56	96	54	20	49	85	74	24	39	93	26	0.00536939226419
44	61	21	91	73	40	3	48	99	30	96	84	92	49	35	72	24	71	16	9	0.00536971526923
74	69	29	71	94	54	13	31	39	43	99	49	67	60	42	92	50	22	88	25	0.0054437953597
45	26	17	64	60	37	57	48	99	56	49	38	92	41	35	72	20	39	16	42	0.00544765495219
2	61	40	64	70	30	3	46	91	56	96	54	1	49	85	74	24	35	93	10	0.00545692492999
44	57	21	64	73	14	3	4	78	56	96	54	32	49	85	74	24	38	93	29	0.0054629075041
25	47	19	48	88	54	57	28	14	71	99	98	11	34	90	32	78	76	86	24	0.00546981117571
45	58	13	64	73	30	3	46	88	56	96	54	38	49	85	74	17	41	77	26	0.0054870143091
49	59	62	78	39	56	24	58	35	4	98	63	99	41	95	72	28	61	3	40	0.00549130335494
2	64	65	33	89	3	49	22	66	37	99	57	33	34	46	8	12	53	42	21	0.00550399953342
47	59	62	78	39	56	61	97	95	16	99	19	98	34	42	72	24	29	20	81	0.00551295592143
46	36	68	91	60	37	95	48	99	30	56	84	92	41	61	72	43	71	16	51	0.00554847723299
24	11	44	36	69	21	99	30	18	49	59	29	73	56	15	31	64	95	23	25	0.00556943457929
67	47	32	64	53	73	3	92	61	42	94	36	20	41	90	74	99	18	8	19	0.00557748353232
9	58	67	31	39	2	80	6	37	35	87	27	20	36	14	38	24	75	84	49	0.00566928661551
42	60	16	78	39	56	24	57	37	28	98	63	99	41	95	72	50	61	38	40	0.00567350559493
44	57	21	64	73	14	3	4	78	56	96	54	28	49	85	74	25	39	93	26	0.00569943704373
67	5	54	35	22	16	2	92	61	74	75	36	26	80	79	41	99	18	8	24	0.00578741909214
44	61	67	64	97	2	89	6	99	56	7	77	77	49	14	74	24	22	91	26	0.00579500712006
24	5	44	36	69	21	99	30	18	49	59	29	73	56	8	31	64	95	23	25	0.00590009168012
63	36	77	91	60	40	95	48	99	30	50	84	92	10	35	72	43	71	16	55	0.00590158613413
29	17	14	61	93	68	21	1	74	38	40	23	55	56	94	28	18	36	82	54	0.00594819755868
91	67	57	78	70	18	95	60	9	56	4	50	92	41	85	74	49	22	38	39	0.00596134520127
8	61	21	64	70	30	7	45	80	56	96	54	28	49	85	74	20	33	88	26	0.00597618920722
18	66	21	64	70	30	42	47	88	56	96	54	28	49	85	74	9	39	93	26	0.00603299889374
67	38	20	91	59	9	95	48	99	10	54	84	92	41	37	72	43	71	32	39	0.00605798840091
49	60	62	78	39	64	50	59	14	4	98	63	99	41	94	72	28	61	11	40	0.00607298607896
57	36	68	91	69	40	95	48	99	30	56	2	92	65	61	72	43	94	23	55	0.00609675017564
24	56	89	17	84	94	7	48	93	18	3	38	73	28	5	21	70	58	72	23	0.00613220068618
42	19	65	28	69	40	79	78	88	49	70	37	73	25	47	74	64	61	32	12	0.00615585770339
67	36	68	91	69	40	95	48	99	30	56	2	92	65	61	72	43	94	23	55	0.00617303980401
42	60	16	78	39	56	24	57	12	14	98	63	99	41	94	72	33	61	38	40	0.006235773445
67	38	20	91	59	9	95	48	99	30	54	84	92	41	37	72	42	71	32	39	0.00623586558673
27	60	62	78	39	48	24	53	37	16	98	63	99	41	94	72	28	61	3	40	0.00623730780987
38	65	44	78	54	55	24	53	37	2	98	63	99	41	94	72	28	61	3	40	0.00625376132514
42	60	17	78	36	56	24	58	35	3	98	63	99	41	94	72	30	61	37	45	0.00626458942392
25	61	67	10	73	30	81	28	88	71	74	72	9	35	90	32	48	76	15	52	0.00626609433934
13	4	44	35	98	21	99	30	18	66	59	41	73	65	8	68	64	59	16	24	0.00627852046658
47	61	21	64	73	14	16	45	88	56	96	54	28	49	85	74	20	39	93	29	0.00628300293506
25	47	23	48	88	54	57	28	14	71	96	98	11	34	90	32	78	76	86	24	0.00629437175539
25	47	23	48	88	54	57	28	14	71	99	98	11	34	90	32	78	76	86	24	0.00629437175539
66	47	32	64	53	73	3	92	61	42	94	36	20	41	90	74	99	18	8	19	0.0063124977749
83	33	57	94	47	85	52	58	99	29	98	84	42	10	79	30	75	88	72	26	0.00634631686754
44	61	16	59	73	14	3	46	88	56	96	58	28	49	85	74	24	39	93	26	0.00637632794404
24	6	44	35	69	9	99	30	18	49	59	29	73	65	16	31	64	98	23	12	0.00638796683467
42	60	16	78	39	27	25	58	18	30	98	63	99	41	95	72	24	61	6	12	0.006454756425
67	36	20	91	60	40	95	48	99	31	56	84	92	41	35	72	43	71	16	55	0.00648778589097
95	5	57	72	98	84	99	51	96	81	59	64	27	53	71	68	47	59	23	24	0.00651254376703
8	61	40	64	70	30	3	46	91	56	96	54	28	49	85	74	24	34	93	10	0.0066258192698
45	58	19	78	16	39	24	46	18	56	98	84	97	41	94	72	71	83	86	26	0.00663073001658
38	65	44	78	54	55	26	53	37	2	98	63	99	41	94	72	28	61	3	40	0.0066520085084
33	28	21	64	73	30	4	9	99	26	29	84	92	27	35	74	24	71	86	10	0.00665438110329
67	66	45	48	60	54	24	28	99	95	98	50	92	41	35	32	83	71	16	12	0.00667449464588
18	66	21	64	70	30	20	47	88	56	96	54	28	49	85	74	7	39	93	26	0.0067290443407
67	36	20	91	60	37	95	48	99	30	56	84	92	41	61	72	43	71	16	55	0.00680463448012
27	60	62	78	39	48	24	53	37	16	98	63	99	41	94	72	28	61	3	19	0.00687876710907
79	62	46	35	53	56	24	92	99	19	70	63	92	41	94	7	64	71	82	39	0.00688043414105
79	62	46	35	53	56	24	53	99	19	70	63	92	41	94	7	64	71	82	39	0.00688043414105
42	60	16	78	36	56	24	58	33	3	98	63	99	41	94	72	30	61	37	11	0.00693140970942
45	61	17	64	60	11	99	46	88	56	96	54	36	82	47	4	5	86	23	26	0.00701519560015
62	28	69	6	60	96	39	48	35	67	98	74	99	37	43	44	50	10	20	26	0.00703004301518
62	28	69	6	60	94	39	48	35	67	98	74	99	37	43	44	50	10	20	26	0.00703004301521
24	83	88	5	69	6	99	39	18	49	59	29	73	65	8	31	64	94	23	33	0.00710488552778
42	60	16	78	39	56	25	58	31	3	98	63	99	41	94	72	30	61	36	12	0.00710763253747
85	69	32	71	94	68	13	40	61	2	60	38	67	37	90	1	27	46	31	19	0.00717115461552
67	36	20	91	60	9	95	48	99	30	45	84	92	41	37	72	43	71	13	39	0.00718343273871
42	59	16	78	39	56	24	58	37	28	98	63	99	44	94	72	51	61	38	40	0.00720152886655
95	60	21	24	37	99	28	45	88	40	96	15	98	56	12	74	13	48	19	81	0.00724453146002
49	59	62	78	39	56	26	58	35	4	98	63	99	41	94	72	28	61	3	40	0.00730421008305
42	60	16	78	39	56	48	58	28	3	98	63	99	41	95	72	30	61	11	40	0.00731018996558
68	69	27	71	94	17	13	31	53	16	99	49	67	20	22	92	2	29	75	38	0.00733720026048
91	66	21	17	60	30	95	60	9	56	3	50	92	41	35	44	83	39	1	12	0.00736438685195
59	66	21	64	70	30	42	47	88	56	96	54	28	49	85	74	24	39	93	26	0.00738808830859
39	65	44	78	54	55	23	53	37	2	98	63	99	41	94	72	28	61	3	40	0.00745449882736
24	5	44	35	69	21	99	30	18	49	59	29	73	65	8	31	64	95	16	12	0.00755292453778
24	5	44	35	69	21	99	30	18	49	59	29	73	65	8	31	64	96	16	12	0.00755292453779
24	5	44	35	69	21	99	30	18	49	59	29	73	65	8	31	64	98	16	12	0.0075529245378
67	36	20	91	60	11	95	8	99	30	45	84	92	41	37	72	58	71	24	39	0.00758259390592
49	59	22	78	39	56	24	58	37	4	98	63	99	41	94	72	28	61	3	40	0.0076011990601
85	26	62	89	99	68	57	71	54	2	82	38	49	70	67	40	63	51	31	42	0.00761822962322
34	58	67	31	39	2	94	6	37	11	81	27	20	36	14	38	24	75	84	49	0.0076349299118
49	60	16	78	39	56	24	58	37	4	98	63	99	41	95	72	28	61	11	40	0.00766736751892
42	60	16	78	39	56	24	57	37	31	98	63	99	41	95	72	33	61	38	40	0.00770539184128
49	60	62	78	39	59	24	58	9	4	98	63	99	41	94	72	28	61	11	40	0.00782861363396
45	58	19	78	16	14	24	46	18	56	98	84	97	41	94	72	71	83	86	26	0.0078949363059
78	33	28	4	16	34	89	54	67	80	45	47	99	82	98	37	41	86	70	74	0.0079102548238
34	58	67	31	39	2	94	6	37	11	87	27	20	36	14	38	24	75	84	49	0.00796200564642
49	66	62	35	39	81	24	58	96	2	22	29	99	54	94	55	28	59	23	97	0.00800755346098
2	25	98	22	97	61	54	86	35	57	8	33	67	36	77	3	78	73	58	72	0.00801022273184
88	5	58	3	53	70	61	97	95	12	96	19	80	66	72	6	24	39	20	26	0.00802883319737
85	69	32	71	94	68	13	40	61	2	60	38	67	37	90	1	27	46	31	41	0.00813492849822
78	33	28	4	16	31	89	54	52	80	45	47	99	82	98	37	40	86	70	74	0.00816454329512
24	11	44	36	69	21	99	30	26	49	59	29	73	56	15	31	64	95	23	25	0.00816940093503
33	59	21	64	73	30	3	46	88	61	96	54	38	27	85	74	24	34	93	10	0.00820319753596
85	55	46	64	16	68	89	46	7	56	92	54	97	82	67	40	83	39	70	42	0.00823854515222
38	65	44	78	54	55	22	53	37	2	98	63	99	41	94	72	28	61	3	39	0.00827562005504
44	61	30	64	73	14	3	46	78	56	96	54	6	49	85	74	24	22	93	26	0.00832610793645
25	59	62	78	39	56	22	58	37	4	98	63	99	41	94	72	28	61	8	21	0.00835844154884
45	61	17	64	60	38	99	46	88	56	96	54	28	82	47	25	5	86	23	37	0.0084194762464
38	65	44	78	39	55	23	53	37	2	98	63	99	41	94	72	28	61	3	40	0.00842933640676
85	69	46	86	81	14	24	38	88	56	96	54	67	37	90	74	44	39	2	26	0.00843725021153
39	65	44	78	54	55	26	53	37	2	98	63	99	41	94	72	28	61	3	40	0.00848133969686
3	7	44	35	98	21	99	30	18	49	59	41	73	65	8	68	64	59	6	24	0.00853296639976
44	61	21	64	73	14	3	38	88	56	96	54	27	49	85	74	23	39	93	12	0.00858029760072
83	5	40	17	53	87	61	2	95	18	48	60	63	25	62	33	24	39	69	41	0.00858260146676
95	5	57	72	98	84	99	51	96	81	59	1	27	55	8	68	47	59	23	24	0.008610359698
38	65	44	78	39	55	24	53	37	2	98	63	99	41	94	72	28	61	3	40	0.00867818531793
78	33	27	4	16	30	89	54	52	80	45	47	99	82	98	37	57	86	70	74	0.00867866834697
42	60	7	78	36	56	24	58	31	3	98	63	99	41	94	72	30	61	37	12	0.00873462073849
49	59	26	78	39	56	24	58	37	4	98	63	99	41	95	72	42	61	7	40	0.00879337878307
49	59	62	78	39	56	22	58	35	3	98	63	99	41	94	72	28	61	8	40	0.00880406267265
83	69	46	91	73	40	13	49	99	30	96	54	20	41	90	74	24	45	2	9	0.0088100297815
17	25	21	78	99	30	97	81	88	48	70	23	27	54	96	69	64	36	54	26	0.00886142218957
49	59	62	78	39	56	22	58	37	4	98	63	99	41	94	72	28	61	8	40	0.00888366441187
42	60	16	78	39	56	24	58	40	3	98	63	99	41	94	72	30	61	38	43	0.00894526043787
1	60	16	78	39	56	24	58	31	3	98	63	99	41	94	72	30	61	37	33	0.00899502489753
42	60	16	78	39	56	24	57	36	32	98	63	99	41	94	72	33	61	44	40	0.00901049685794
8	61	21	64	70	30	7	45	80	56	96	54	28	49	85	74	1	4	88	26	0.00901933621124
49	60	62	78	39	64	22	59	14	4	98	63	99	41	94	72	28	61	11	40	0.00906619688111
44	61	21	64	73	14	3	40	88	56	96	54	27	49	85	74	23	38	93	26	0.00907420592983
45	58	19	78	16	14	24	13	18	56	98	84	97	41	94	72	71	83	86	26	0.00914649316312
72	20	91	22	67	10	41	38	43	81	95	94	2	19	53	61	82	54	97	25	0.00920249868678
72	20	91	22	67	10	41	38	43	81	95	96	2	19	53	61	82	54	97	25	0.00920249868679
42	60	16	78	39	56	25	58	31	3	98	63	99	41	94	72	30	61	37	35	0.00920912250272
3	15	44	35	98	21	99	30	18	49	59	41	73	65	8	68	64	59	23	24	0.0092478254296
49	60	16	78	39	56	24	58	36	3	98	63	99	41	94	72	28	61	37	11	0.00929810825434
24	69	32	25	89	64	22	39	75	49	59	47	55	27	8	31	66	46	56	17	0.0093863701597
89	69	21	64	73	29	3	31	26	56	99	54	20	49	42	74	24	39	93	38	0.00939128587032
47	61	21	65	73	30	3	46	88	56	96	54	28	49	85	74	24	39	93	26	0.0094207502766
2	72	65	33	89	9	49	22	66	37	99	57	33	34	46	8	12	64	42	21	0.00946363135431
49	59	62	78	39	56	24	58	37	4	98	63	99	41	95	72	42	61	7	40	0.00952115583516
28	61	4	33	36	3	99	13	66	92	94	2	32	16	46	93	76	34	15	21	0.00953736380721
63	36	20	91	60	34	95	48	99	30	53	84	92	10	35	72	43	71	16	55	0.00955945411977
42	60	16	78	39	56	24	58	31	3	98	63	99	41	94	72	30	61	37	43	0.00963642809886
45	58	19	78	16	39	24	44	18	56	98	84	97	41	94	72	71	83	86	26	0.00966117791927
45	61	17	64	60	11	99	46	88	56	96	54	28	82	47	25	24	86	49	26	0.00966875693419
3	5	44	35	98	21	99	30	18	49	59	41	73	65	8	50	64	59	6	24	0.00969148323752
85	69	32	72	94	68	13	40	61	2	60	38	67	37	90	1	50	46	31	41	0.0097013951913
24	5	44	35	89	27	99	30	18	49	59	29	73	65	10	31	64	94	16	12	0.00971456494777
85	38	9	22	61	10	57	74	88	50	98	73	3	96	65	40	63	51	62	43	0.00977583681438
38	65	44	78	54	55	23	53	37	2	98	63	99	41	94	72	28	61	3	40	0.00979130186822
24	5	44	35	69	21	99	30	18	49	59	29	73	65	10	31	64	95	23	12	0.00989233197983
95	66	44	63	60	29	86	46	18	56	96	43	73	25	65	68	24	47	23	84	0.00992721730799
49	66	62	35	39	81	24	53	96	2	22	30	99	54	94	55	27	61	23	98	0.0100708151112
49	66	62	35	39	81	24	53	96	2	22	30	99	54	94	55	27	61	23	97	0.0100708151113
42	25	7	78	39	14	24	58	9	3	70	64	99	54	96	72	49	59	88	40	0.010125298216
25	44	21	64	60	36	86	39	18	71	59	54	28	65	99	74	8	7	93	52	0.0101291823799
79	61	18	89	73	30	40	28	83	56	96	54	84	50	47	74	64	36	8	52	0.0101459042798
54	83	51	4	86	70	48	77	50	5	93	72	20	66	88	18	36	11	80	32	0.0101496373593
95	60	21	16	37	99	28	45	88	40	96	14	98	56	2	23	9	48	18	81	0.0101576185156
45	61	17	64	60	11	99	46	88	56	96	54	28	82	47	25	24	86	21	26	0.0102729729229
42	60	16	78	39	56	24	57	37	28	98	63	99	41	95	72	33	61	38	40	0.010276451744
24	5	44	35	98	21	99	30	18	49	59	41	73	65	8	68	64	59	23	12	0.0103086649446
45	58	13	78	16	14	24	42	18	56	98	84	97	41	94	72	71	83	86	26	0.0103210696161
47	61	21	65	73	30	3	45	88	56	96	54	28	49	85	74	24	40	93	26	0.0103962193898
72	20	91	22	67	10	9	38	43	81	95	94	2	19	53	61	82	54	97	25	0.0104446277506
42	60	16	78	39	56	24	58	37	30	98	63	99	44	94	72	33	61	38	35	0.0104582163055
49	59	22	78	39	56	24	58	36	4	98	63	99	41	94	72	28	61	3	40	0.010468597188
25	47	22	48	88	54	57	28	13	71	97	98	9	34	90	32	78	76	86	24	0.0105112281135
25	47	22	48	88	54	57	28	13	71	99	98	9	34	90	32	78	76	86	24	0.0105112281135
8	61	21	64	70	30	3	38	91	56	96	54	28	49	85	74	24	39	93	26	0.0105300134484
42	60	16	78	39	56	24	57	37	32	98	63	99	41	94	72	33	61	38	40	0.0105970527535
24	69	32	25	89	64	22	39	96	49	59	47	55	27	8	31	66	46	56	17	0.0106008025725
88	83	99	2	25	82	1	13	90	48	15	72	24	34	28	6	66	35	20	32	0.0106627108871
73	99	1	22	61	10	85	74	14	29	78	13	27	19	65	51	82	24	97	43	0.0107139194284
73	98	1	22	61	10	85	74	14	29	78	13	27	19	65	51	82	24	97	43	0.0107139194284
63	36	20	91	60	40	95	48	99	30	56	84	92	29	35	72	43	71	16	46	0.010770506898
42	60	16	78	39	56	24	57	37	27	98	63	99	41	95	72	33	61	38	40	0.0107797353791
16	66	21	64	70	30	3	46	88	56	96	54	27	49	85	74	24	14	93	26	0.0108018960492
44	61	21	91	73	40	3	6	99	30	96	84	92	49	35	72	24	71	16	9	0.0108154988559
38	65	44	78	39	55	23	53	37	2	98	63	99	41	94	72	30	61	3	40	0.0110298359338
24	83	88	26	69	6	99	39	18	49	59	29	73	65	9	10	64	95	23	22	0.0110473205172
54	83	51	4	86	70	48	77	68	5	93	72	20	66	88	18	36	11	80	32	0.0110511866303
78	33	27	4	16	31	89	54	52	80	45	66	99	82	98	37	57	86	70	74	0.011089753914
45	20	16	78	39	11	99	57	88	3	96	63	2	41	47	72	24	61	38	40	0.0111016247615
61	37	77	64	31	2	8	6	82	50	87	10	1	35	14	38	66	75	63	18	0.0111023713857
42	60	16	78	39	27	25	58	18	30	98	63	99	41	94	72	24	61	5	12	0.0111084494592
20	60	16	78	39	56	48	58	28	3	98	63	99	41	94	72	30	61	11	40	0.0111326493148
59	69	71	94	9	81	97	58	99	29	45	33	77	10	15	22	14	31	72	41	0.0111516811031
59	69	71	95	9	81	97	58	99	29	45	33	77	10	15	22	14	31	72	41	0.0111516811031
29	83	99	12	76	82	1	45	59	48	90	72	81	60	19	30	92	35	71	91	0.0111605547632
45	58	13	78	19	14	24	46	18	56	98	84	97	41	94	72	9	83	86	26	0.0111833857659
89	7	99	15	8	54	40	27	93	18	27	35	94	28	5	52	83	48	13	80	0.0112014325285
95	60	21	16	37	99	28	45	88	40	96	14	98	56	2	74	9	48	18	81	0.0112481196996
63	36	20	91	60	40	95	48	99	30	50	84	92	10	35	72	43	71	16	55	0.0112547843791
67	36	20	91	60	32	95	48	99	31	56	84	92	41	35	72	43	71	16	55	0.0113309312673
67	36	21	91	60	40	95	48	99	30	56	84	92	41	35	72	43	71	16	15	0.0114251959835
45	58	13	78	16	14	24	43	18	56	98	84	97	41	94	72	71	83	86	26	0.0114391355231
63	36	20	91	60	38	95	48	99	30	56	84	92	41	35	72	43	71	16	42	0.011439928097
83	64	98	63	97	62	89	53	99	57	45	98	77	30	13	44	23	73	24	72	0.0114485374923
83	64	98	63	97	62	89	53	99	57	45	97	77	30	13	44	23	73	24	72	0.0114485374923
83	64	98	63	97	62	89	53	99	57	45	83	77	30	13	44	23	73	24	72	0.0114485374923
91	66	21	6	60	30	95	60	9	56	3	50	92	41	35	44	83	39	1	12	0.0114534764554
78	33	20	23	1	9	95	54	37	30	60	84	99	41	82	72	29	71	38	40	0.0114647741051
42	60	7	78	39	56	28	58	31	3	98	63	99	41	94	72	30	61	37	12	0.0114724561948
65	61	4	86	73	82	21	53	88	56	95	76	55	41	90	68	66	39	93	54	0.011476611951
42	60	14	78	36	56	24	58	6	3	98	63	99	41	94	72	30	61	37	12	0.0115122868264
42	60	16	78	39	55	24	58	28	2	98	63	99	41	94	72	30	61	11	44	0.0115216038095
49	60	62	78	39	59	23	58	9	4	98	63	99	41	94	72	28	61	11	40	0.0115352280905
85	69	51	78	25	41	57	14	60	8	99	49	82	64	62	92	50	20	54	40	0.0115796403169
83	69	46	91	73	40	13	31	99	30	96	54	20	60	90	74	24	45	2	9	0.0115865573246
42	60	16	78	39	56	24	58	37	28	98	63	99	44	94	72	33	61	38	35	0.0116055163165
49	59	22	78	39	56	24	58	36	30	98	63	99	41	94	72	28	61	3	37	0.0117863225858
42	60	16	78	39	56	24	57	37	34	98	63	99	44	94	72	33	61	38	40	0.0118124571474
42	60	16	78	39	56	24	57	37	34	98	63	99	41	94	72	33	61	38	40	0.0118265785906
73	98	18	22	61	10	85	74	15	29	78	13	27	19	65	51	82	24	97	43	0.0119133875873
39	53	89	17	48	95	49	48	99	34	98	33	77	10	90	21	40	58	72	81	0.0119254937165
39	53	89	17	48	96	49	48	99	34	98	33	77	10	90	21	40	58	72	81	0.0119254937165
39	53	89	17	48	94	49	48	99	34	98	33	77	10	90	21	40	58	72	81	0.0119254937165
8	61	40	64	70	30	3	46	91	56	96	54	28	49	85	74	24	35	93	10	0.0119853468272
42	60	16	78	53	55	24	57	37	12	98	63	99	41	95	72	30	61	38	40	0.0120269584368
67	47	51	91	81	40	48	38	99	56	96	31	20	42	90	74	36	77	2	19	0.0120312973992
33	59	32	89	53	31	22	21	96	61	18	74	83	27	90	15	75	34	97	16	0.0120776776366
42	60	16	78	39	56	24	58	31	3	98	63	99	41	94	72	30	61	37	44	0.0120791784959
33	28	56	64	73	30	4	9	99	26	29	84	92	27	35	74	24	71	86	10	0.0120916025609
67	36	20	91	60	37	95	48	99	30	56	84	92	41	61	72	43	71	54	50	0.012105628388
49	60	16	78	39	56	24	58	36	30	98	63	99	41	94	72	28	61	37	11	0.0121244342183
41	61	88	62	10	33	99	43	20	10	70	21	73	27	47	37	5	13	23	12	0.0121379249582
14	25	60	89	99	85	51	49	88	36	3	37	97	70	77	30	75	34	31	32	0.0121383181738
9	76	19	70	73	21	99	28	80	71	96	54	1	25	65	87	66	39	23	84	0.0121689053745
89	56	67	15	95	10	48	2	93	12	86	35	58	28	47	66	83	89	1	23	0.0121912158167
89	56	67	15	95	10	48	2	93	12	86	35	58	28	47	66	83	100	1	23	0.0121912158167
89	56	67	15	95	10	48	2	93	12	86	35	58	28	47	66	83	93	1	23	0.0121912158167
89	56	67	15	95	10	48	2	93	12	86	35	58	28	47	66	83	86	1	23	0.0121912158167
8	61	38	64	70	30	3	46	91	56	96	54	28	49	85	74	24	32	93	10	0.0122163046039
89	66	99	67	60	30	40	92	93	55	27	12	84	3	5	31	43	39	16	52	0.0122260606915
45	33	13	78	16	14	24	46	23	56	96	54	97	41	94	74	9	86	77	26	0.0122535779995
89	33	99	67	8	30	40	54	93	80	27	49	28	38	5	37	76	39	23	51	0.012265077617
83	69	46	91	73	40	13	31	99	30	96	54	20	41	90	74	24	45	2	9	0.0122684469972
38	65	44	78	54	55	24	53	37	7	98	63	99	41	94	72	28	61	3	40	0.0122860045272
74	69	27	71	94	41	18	32	39	16	99	49	66	60	42	92	50	22	88	25	0.0122904954987
47	61	21	64	73	14	3	45	88	56	96	54	28	49	85	74	24	39	93	23	0.0123075970897
37	58	17	64	73	11	24	46	88	56	96	54	31	49	85	74	35	39	93	26	0.0123098406446
49	60	16	78	39	56	24	58	37	4	98	63	99	41	94	72	28	61	38	40	0.0123314260388
25	58	13	33	82	54	57	28	18	56	98	2	9	41	46	72	69	34	86	26	0.0124189928043
26	60	62	78	39	64	24	58	36	4	98	63	99	41	94	72	28	61	11	40	0.0124255625652
42	60	17	78	36	56	24	58	33	3	98	63	99	41	94	72	30	61	37	11	0.0124931045611
59	62	18	78	36	10	24	74	33	2	98	41	99	54	8	51	28	61	72	44	0.0125122719242
45	61	17	64	60	38	99	46	88	56	96	54	28	82	47	25	5	86	23	26	0.0125154768058
61	37	77	64	31	2	8	6	82	50	87	9	1	34	14	38	66	75	63	18	0.0125303115225
88	67	57	78	70	6	95	60	9	54	4	50	92	41	85	74	45	22	38	39	0.012566144762
59	62	26	10	25	81	24	53	86	2	3	19	97	54	94	22	46	36	72	8	0.012597727673
53	28	20	91	60	32	95	48	99	40	56	84	92	42	35	72	43	71	16	55	0.0126053853709
9	58	67	31	39	2	94	16	37	35	87	27	20	36	14	38	24	75	84	49	0.0126113660989
91	66	21	6	60	30	95	60	9	56	3	50	92	41	35	44	83	39	16	12	0.0126677267773
67	38	62	78	48	64	57	58	99	50	98	33	3	96	88	72	24	61	11	43	0.0127563705448
18	66	21	64	70	30	9	47	88	56	96	54	28	49	85	74	24	39	93	26	0.0127974422679
95	66	44	63	60	29	86	46	18	56	96	40	73	25	65	68	24	48	23	84	0.0128064124269
1	61	57	78	73	13	7	58	95	49	96	54	28	41	94	74	30	39	71	26	0.012823065033
88	83	99	2	25	82	1	13	90	48	17	72	24	34	28	6	66	35	20	32	0.0128263652272
42	60	16	78	39	56	25	58	31	3	98	63	99	41	94	72	48	61	37	35	0.0128307492545
59	62	26	10	25	81	24	53	86	2	3	19	97	54	94	22	15	36	72	8	0.0128512272745
95	86	21	19	73	29	86	46	78	50	50	52	4	27	94	16	70	22	93	39	0.0129063346512
8	61	37	64	70	30	3	46	91	56	96	54	28	49	85	74	24	34	93	10	0.0129661894798
13	4	44	35	98	21	99	30	18	49	59	41	73	65	8	68	64	59	16	24	0.0129662225157
18	36	21	91	70	27	48	2	99	12	96	29	73	28	85	66	43	95	1	50	0.0130515681754
18	36	21	91	70	27	48	2	99	12	96	29	73	28	85	66	43	94	1	50	0.0130515681754
42	60	16	78	36	56	24	58	33	3	98	63	99	41	94	72	30	61	37	44	0.0130610171903
46	36	24	91	60	40	95	48	99	30	56	84	92	41	61	72	43	71	16	55	0.0131461977047
83	69	46	91	73	40	13	31	99	30	96	54	20	41	90	74	24	38	2	9	0.0131510060495
42	60	16	78	36	56	24	58	33	3	98	63	99	41	94	72	30	61	38	11	0.0131682141206
34	63	21	70	43	30	77	14	38	35	94	52	30	7	54	2	51	34	96	36	0.0131977295203
62	40	51	65	39	30	24	58	88	3	96	41	45	64	67	77	76	39	93	32	0.0132313175992
47	61	21	65	73	30	3	46	88	56	96	54	28	49	85	74	25	40	93	26	0.0132381892164
33	59	32	89	10	31	22	21	96	61	18	74	83	27	90	15	75	34	97	17	0.0132425484908
41	67	21	48	70	30	81	60	88	54	74	72	11	34	90	50	45	76	93	39	0.0132480055523
44	61	21	64	73	14	3	46	78	56	96	54	6	49	85	74	24	22	93	26	0.0132523195598
38	65	44	78	54	55	26	53	33	2	98	63	99	41	94	72	28	61	3	40	0.0132526359135
42	60	16	78	39	56	24	58	31	3	98	63	99	41	94	72	30	61	38	43	0.0132556958646
63	36	20	91	60	38	95	48	99	30	56	84	92	41	35	72	43	71	16	46	0.0132658092482
24	83	88	26	69	27	99	39	18	49	59	29	73	65	9	10	64	94	23	22	0.0133160784909
24	83	88	26	69	27	99	39	18	49	59	29	73	65	9	10	64	95	23	22	0.0133160784909
59	58	77	23	11	56	97	92	88	96	6	12	89	15	85	74	65	39	64	32	0.0133225421356
53	28	20	91	60	32	95	48	99	31	56	84	92	42	35	72	43	71	16	55	0.0134960088606
42	60	16	78	53	55	24	57	37	12	98	63	99	44	95	72	33	61	38	40	0.0135419631847
18	36	21	91	70	27	48	2	99	12	96	29	73	28	85	66	43	94	1	22	0.0136092790385
86	56	40	18	98	37	61	97	95	4	96	64	27	87	74	35	47	62	58	24	0.0136117936969
42	60	16	78	36	56	24	58	33	3	98	63	99	41	94	72	30	61	43	11	0.0136138619061
25	61	67	10	73	30	81	28	88	71	74	72	9	51	90	32	48	76	15	52	0.0136243454588
25	2	21	64	60	36	86	39	18	71	59	54	28	65	99	74	8	7	93	52	0.0136316724613
34	58	67	31	39	2	94	6	37	35	87	27	20	36	14	38	24	75	84	49	0.0136341129371
67	36	20	91	60	38	95	48	99	30	56	84	92	41	35	72	43	71	16	61	0.0136590769684
1	60	16	78	39	56	24	58	31	17	98	63	99	41	94	72	30	61	37	33	0.0136720431579
78	33	27	4	16	31	89	54	52	80	45	48	99	82	98	37	57	86	70	74	0.0136740813757
39	83	99	64	60	14	95	43	90	56	54	72	24	41	28	6	5	71	20	9	0.0136811327763
42	60	16	78	39	56	24	58	31	17	98	63	99	41	94	72	30	61	37	33	0.0137087947499
42	60	16	78	39	56	24	57	12	14	98	63	99	41	94	72	33	61	38	11	0.0137172020987
24	61	32	25	88	30	7	44	80	49	59	47	73	41	8	31	78	46	37	26	0.0137316584275
42	60	16	78	39	48	24	57	28	34	98	63	99	41	94	72	33	61	11	44	0.01384787882
61	37	77	64	31	2	8	6	82	50	87	11	1	35	14	38	66	75	63	18	0.0138762898522
65	47	96	86	81	82	16	38	6	56	98	76	99	37	90	74	44	77	2	39	0.0138780539897
24	83	88	5	69	27	99	39	18	49	59	29	73	65	8	11	64	94	23	33	0.013918382604
42	60	16	78	53	55	24	57	37	12	98	63	99	41	95	72	33	61	38	40	0.0139205209037
42	60	16	78	39	56	24	57	36	12	98	63	99	41	95	72	33	61	44	40	0.0139598103264
8	61	40	64	70	30	3	46	91	56	96	54	28	49	85	74	23	41	93	10	0.0140472730377
61	37	77	64	31	2	12	6	82	50	87	9	1	34	14	38	66	75	63	18	0.0140826097807
89	69	21	64	73	29	3	16	26	56	99	54	28	49	42	74	34	39	93	38	0.0140953241332
42	60	16	78	39	56	29	58	31	17	98	63	99	41	94	72	30	61	37	33	0.0141933368352
29	17	16	61	93	68	21	1	74	38	40	23	55	56	94	28	18	36	82	54	0.0143161418784
42	60	16	78	39	27	25	58	18	30	98	63	99	41	94	72	24	61	2	12	0.0143235315434
42	59	16	78	39	56	24	58	31	3	98	63	99	44	94	72	30	61	37	40	0.0143407884171
49	59	62	78	39	56	25	58	36	4	98	63	99	41	94	72	28	61	3	40	0.0143670031846
39	83	99	64	60	14	95	43	90	56	54	72	24	41	28	6	5	71	38	9	0.0144907938927
88	5	40	3	53	70	61	97	95	12	96	19	78	34	74	6	24	39	20	26	0.014497723147
24	19	44	35	69	21	99	30	18	49	59	29	73	65	8	31	64	94	23	12	0.0145200380572
24	19	44	35	69	21	99	30	18	49	59	29	73	65	8	31	64	98	23	12	0.0145200380572
24	19	44	35	69	21	99	30	18	49	59	29	73	65	8	31	64	96	23	12	0.0145200380572
63	36	20	91	60	40	95	48	99	30	56	84	92	10	35	72	43	71	16	55	0.0145423714598
1	60	16	78	39	56	24	58	31	3	98	63	99	41	94	72	30	61	37	40	0.014549710806
42	60	16	78	39	56	24	58	28	3	98	63	99	41	94	72	30	61	11	40	0.0145512872445
13	5	44	35	98	21	99	30	18	49	59	41	73	65	8	68	64	59	23	24	0.0145766937366
91	67	57	78	34	1	76	60	9	51	70	63	75	54	96	5	49	37	88	40	0.0146884586664
89	33	99	67	8	24	40	54	93	80	27	49	20	41	5	36	76	39	23	51	0.0147538278579
16	66	21	58	70	30	3	46	88	56	96	54	27	49	85	74	24	15	93	26	0.0147697684691
45	61	17	64	60	11	99	46	88	56	96	54	28	82	47	25	5	86	23	16	0.0147891045609
51	60	62	78	39	47	24	53	37	38	98	63	99	41	94	72	28	61	3	40	0.0148329147188
91	73	62	6	60	87	24	46	1	9	3	52	55	7	85	44	83	39	82	12	0.014836833003
45	33	13	78	16	31	24	46	23	56	96	54	97	41	94	74	9	86	77	26	0.0148460739323
45	58	17	64	73	30	4	37	88	56	96	54	11	49	85	74	34	39	93	26	0.0149540982747
67	36	77	23	5	57	94	48	99	96	6	84	89	41	82	72	65	71	69	39	0.0149557720199
95	60	21	76	37	99	28	45	88	40	96	15	98	56	12	74	13	48	19	81	0.0149608442334
25	61	67	10	73	30	81	28	88	71	74	72	9	32	90	50	48	76	15	52	0.014974923624
42	60	16	78	39	56	24	57	37	28	98	63	99	41	94	72	33	61	38	40	0.0149784304739
38	65	44	78	54	55	26	53	37	1	98	63	99	41	94	72	28	61	3	40	0.0149802444578
1	61	57	78	73	13	24	58	95	49	96	54	28	41	94	74	30	39	71	26	0.0150083423581
25	61	67	10	73	30	81	28	88	71	74	72	9	49	90	50	48	76	15	52	0.0150716831132